
    0.4366    5.1829    2.6906    4.6195    0.9790    1.8522
    0.3044    4.5222    2.3289    3.8266    0.9757    1.5846
    0.2465    4.2326    2.1591    3.4791    0.2895    0.7825
    0.9608    7.8041    3.9675    7.7650    0.3384    2.2601
    0.2229    4.1144    2.1161    3.3373    0.9964    1.4422
    0.3956    4.9780    2.5635    4.3737    0.7890    1.5802
    0.2245    4.1226    2.1254    3.3471    0.7949    1.2440
    0.2700    4.3501    2.2254    3.6201    0.6324    1.1724
    0.4184    5.0922    2.6399    4.5106    0.8115    1.6483
    0.9977    7.9887    4.0549    7.9864    0.4481    2.4436
    0.9110    7.5552    3.8415    7.4662    0.8306    2.6527
    0.5504    5.7521    2.9463    5.3026    0.1267    1.2275
    0.5963    5.9817    3.0769    5.5780    0.5133    1.7059
    0.0791    3.3957    1.7358    2.4749    0.7159    0.8742
    0.5766    5.8832    3.0128    5.4598    0.2481    1.4014
    0.8982    7.4909    3.7978    7.3890    0.5319    2.3282
    0.4633    5.3166    2.6946    4.7799    0.3822    1.3088
    0.3984    4.9920    2.5395    4.3904    0.8018    1.5986
    0.1045    3.5223    1.8299    2.6268    0.6709    0.8798
    0.6522    6.2612    3.1533    5.9134    0.9829    2.2873